6297124
6297125
6297126
6297127
15060652
15060653
15060654
22740228
22740229
22740230
22740231
23831596
23831597
23831598
23831599
24846388
24846389
27480924
27506992
27506993
27506994
27506995
28562952
28562953
28562954
28562955
29512128
29512129
29512130
29512131
30569628
30569629
30569630
30569631
32128676
32128677
32128678
32128679
32649648
32649649
32649650
32649651
32657768
32657769
32657770
32657771
32674136
32674137
32674138
32674139
32700216
32700217
32700218
32700219
33204940
33204941
33204942
33204943
33673748
33673749
33673750
33673751
34172748
34172749
34172750
34172751
34649804
34649805
34649806
34649807
34732976
34732977
34759056
34759057
34759058
34759059
35708188
35708189
35708190
35708191
35745716
35745717
35745718
35745719
35800276
35800277
35800278
35800279
36248928
36248929
36248930
36248931
36283128
36283129
36283130
36283131
36316528
36316529
36316530
36316531
36721136
36721137
36721138
36721139
36750412
36750413
36750414
36750415
36755336
36755337
36755338
36755339
36766780
36766781
36766782
36766783
36769972
36769973
36769974
36769975
36820540
36822936
36822937
36822938
36822939
37324552
37324553
37324554
37324555
37764156
37764157
37764158
37764159
37766556
37766557
37766558
37766559
37774672
37774673
37774674
37774675
37778796
37778797
37778798
37778799
37792636
37792637
37792638
37792639
37795032
37795033
37795034
37795035
37813796
37840676
37840677
37840678
37840679
37852120
37886320
37886321
37886322
37886323
38297436
38297437
38297438
38297439
38380604
38380605
38380606
38380607
38385396
39318500
39318501
39318502
39318503
39342056
39342057
39342058
39342059
39355896
39355897
39355898
39355899
39368140
39368141
39368142
39368143
39371464
39371465
39371466
39371467
39392624
39392625
39412984
39412985
39412986
39412987
39873748
39873749
39873750
39873751
39877072
39877073
39877074
39877075
39890912
39890913
39890914
39890915
40359796
40359797
40359798
40359799
40477156
40477157
40477158
40477159
40898000
40898001
40898002
40898003
40937120
40937121
40937122
40937123
40983564
40983565
40983566
40983567
41405340
41405341
41405342
41405343
41459100
41459101
41459102
41459103
42545244
42545245
42545246
42545247
43066420
43066421
43066422
43066423
46138680
46138681
46138682
46138683
46148396
46148397
46148398
46148399
